WARNING: redefinition of constant Main.PLANNER_CACHE. This may fail, cause incorrect answers, or produce other errors.
WARNING: redefinition of constant Main.CACHE_HITS. This may fail, cause incorrect answers, or produce other errors.
WARNING: redefinition of constant Main.CACHE_MISSES. This may fail, cause incorrect answers, or produce other errors.
WARNING: redefinition of constant Main.PLANNER_CACHE. This may fail, cause incorrect answers, or produce other errors.
WARNING: redefinition of constant Main.CACHE_HITS. This may fail, cause incorrect answers, or produce other errors.
WARNING: redefinition of constant Main.CACHE_MISSES. This may fail, cause incorrect answers, or produce other errors.
WARNING: redefinition of constant Main.PLANNER_CACHE. This may fail, cause incorrect answers, or produce other errors.
WARNING: redefinition of constant Main.CACHE_HITS. This may fail, cause incorrect answers, or produce other errors.
WARNING: redefinition of constant Main.CACHE_MISSES. This may fail, cause incorrect answers, or produce other errors.

=== Running inference for agent2 ===

Processing map: sm541 for agent2
  Scenario 2: agent2 -> gem3
Const[wizard1, wizard2, wizard3, wizard4, wizard5]    Goal 1, State 1: 21 steps
t	A	B	C	wizard1	wizard2	wizard3	wizard4	
t = 0	0.333	0.333	0.333	0.250	0.250	0.250	0.250	
t = 1	0.965	0.018	0.018	0.250	0.250	0.250	0.250	
t = 2	0.999	0.000	0.000	0.250	0.250	0.250	0.250	
t = 3	1.000	0.000	0.000	0.491	0.491	0.009	0.009	
t = 4	1.000	0.000	0.000	0.965	0.034	0.000	0.000	
t = 5	1.000	0.000	0.000	0.982	0.018	0.000	0.000	
t = 6	1.000	0.000	0.000	1.000	0.000	0.000	0.000	
t = 7	1.000	0.000	0.000	1.000	0.000	0.000	0.000	
t = 8	1.000	0.000	0.000	1.000	0.000	0.000	0.000	
t = 9	1.000	0.000	0.000	1.000	0.000	0.000	0.000	
t = 10	1.000	0.000	0.000	1.000	0.000	0.000	0.000	
t = 11	1.000	0.000	0.000	1.000	0.000	0.000	0.000	
t = 12	1.000	0.000	0.000	1.000	0.000	0.000	0.000	
t = 13	1.000	0.000	0.000	1.000	0.000	0.000	0.000	
t = 14	1.000	0.000	0.000	1.000	0.000	0.000	0.000	
t = 15	1.000	0.000	0.000	1.000	0.000	0.000	0.000	
t = 16	1.000	0.000	0.000	1.000	0.000	0.000	0.000	
t = 17	1.000	0.000	0.000	1.000	0.000	0.000	0.000	
t = 18	1.000	0.000	0.000	1.000	0.000	0.000	0.000	
t = 19	1.000	0.000	0.000	1.000	0.000	0.000	0.000	
t = 20	1.000	0.000	0.000	1.000	0.000	0.000	0.000	
t = 21	1.000	0.000	0.000	1.000	0.000	0.000	0.000	

      === DEBUG: Probability Evolution ===
      Goal probabilities over time (columns = timesteps):
        Goal 1: [0.333, 0.965, 0.999, 1.0, 1.0, 1.0, 1.0, 1.0, 1.0, 1.0, 1.0, 1.0, 1.0, 1.0, 1.0, 1.0, 1.0, 1.0, 1.0, 1.0, 1.0, 1.0]
        Goal 2: [0.333, 0.018, 0.0, 0.0, 0.0, 0.0, 0.0, 0.0, 0.0, 0.0, 0.0, 0.0, 0.0, 0.0, 0.0, 0.0, 0.0, 0.0, 0.0, 0.0, 0.0, 0.0]
        Goal 3: [0.333, 0.018, 0.0, 0.0, 0.0, 0.0, 0.0, 0.0, 0.0, 0.0, 0.0, 0.0, 0.0, 0.0, 0.0, 0.0, 0.0, 0.0, 0.0, 0.0, 0.0, 0.0]

      State probabilities over time:
        State 1: [0.25, 0.25, 0.25, 0.491, 0.965, 0.982, 1.0, 1.0, 1.0, 1.0, 1.0, 1.0, 1.0, 1.0, 1.0, 1.0, 1.0, 1.0, 1.0, 1.0, 1.0, 1.0]
        State 2: [0.25, 0.25, 0.25, 0.491, 0.034, 0.018, 0.0, 0.0, 0.0, 0.0, 0.0, 0.0, 0.0, 0.0, 0.0, 0.0, 0.0, 0.0, 0.0, 0.0, 0.0, 0.0]
        State 3: [0.25, 0.25, 0.25, 0.009, 0.0, 0.0, 0.0, 0.0, 0.0, 0.0, 0.0, 0.0, 0.0, 0.0, 0.0, 0.0, 0.0, 0.0, 0.0, 0.0, 0.0, 0.0]
        State 4: [0.25, 0.25, 0.25, 0.009, 0.0, 0.0, 0.0, 0.0, 0.0, 0.0, 0.0, 0.0, 0.0, 0.0, 0.0, 0.0, 0.0, 0.0, 0.0, 0.0, 0.0, 0.0]
      Total timesteps: 22
      =====================================

    Goal 1, State 2: 17 steps
t	A	B	C	wizard1	wizard2	wizard3	wizard4	
t = 0	0.333	0.333	0.333	0.250	0.250	0.250	0.250	
t = 1	0.965	0.018	0.018	0.250	0.250	0.250	0.250	
t = 2	0.999	0.000	0.000	0.250	0.250	0.250	0.250	
t = 3	1.000	0.000	0.000	0.491	0.491	0.009	0.009	
t = 4	1.000	0.000	0.000	0.335	0.653	0.006	0.006	
t = 5	1.000	0.000	0.000	0.009	0.990	0.000	0.000	
t = 6	1.000	0.000	0.000	0.001	0.999	0.000	0.000	
t = 7	1.000	0.000	0.000	0.001	0.999	0.000	0.000	
t = 8	1.000	0.000	0.000	0.000	1.000	0.000	0.000	
t = 9	1.000	0.000	0.000	0.000	1.000	0.000	0.000	
t = 10	1.000	0.000	0.000	0.000	1.000	0.000	0.000	
t = 11	1.000	0.000	0.000	0.000	1.000	0.000	0.000	
t = 12	1.000	0.000	0.000	0.000	1.000	0.000	0.000	
t = 13	1.000	0.000	0.000	0.000	1.000	0.000	0.000	
t = 14	1.000	0.000	0.000	0.000	1.000	0.000	0.000	
t = 15	1.000	0.000	0.000	0.000	1.000	0.000	0.000	
t = 16	1.000	0.000	0.000	0.000	1.000	0.000	0.000	
t = 17	1.000	0.000	0.000	0.000	1.000	0.000	0.000	

      === DEBUG: Probability Evolution ===
      Goal probabilities over time (columns = timesteps):
        Goal 1: [0.333, 0.965, 0.999, 1.0, 1.0, 1.0, 1.0, 1.0, 1.0, 1.0, 1.0, 1.0, 1.0, 1.0, 1.0, 1.0, 1.0, 1.0]
        Goal 2: [0.333, 0.018, 0.0, 0.0, 0.0, 0.0, 0.0, 0.0, 0.0, 0.0, 0.0, 0.0, 0.0, 0.0, 0.0, 0.0, 0.0, 0.0]
        Goal 3: [0.333, 0.018, 0.0, 0.0, 0.0, 0.0, 0.0, 0.0, 0.0, 0.0, 0.0, 0.0, 0.0, 0.0, 0.0, 0.0, 0.0, 0.0]

      State probabilities over time:
        State 1: [0.25, 0.25, 0.25, 0.491, 0.335, 0.009, 0.001, 0.001, 0.0, 0.0, 0.0, 0.0, 0.0, 0.0, 0.0, 0.0, 0.0, 0.0]
        State 2: [0.25, 0.25, 0.25, 0.491, 0.653, 0.99, 0.999, 0.999, 1.0, 1.0, 1.0, 1.0, 1.0, 1.0, 1.0, 1.0, 1.0, 1.0]
        State 3: [0.25, 0.25, 0.25, 0.009, 0.006, 0.0, 0.0, 0.0, 0.0, 0.0, 0.0, 0.0, 0.0, 0.0, 0.0, 0.0, 0.0, 0.0]
        State 4: [0.25, 0.25, 0.25, 0.009, 0.006, 0.0, 0.0, 0.0, 0.0, 0.0, 0.0, 0.0, 0.0, 0.0, 0.0, 0.0, 0.0, 0.0]
      Total timesteps: 18
      =====================================

    Goal 1, State 3: 19 steps
t	A	B	C	wizard1	wizard2	wizard3	wizard4	
t = 0	0.333	0.333	0.333	0.250	0.250	0.250	0.250	
t = 1	0.965	0.018	0.018	0.250	0.250	0.250	0.250	
t = 2	0.999	0.000	0.000	0.250	0.250	0.250	0.250	
t = 3	1.000	0.000	0.000	0.009	0.009	0.491	0.491	
t = 4	1.000	0.000	0.000	0.000	0.000	0.500	0.500	
t = 5	1.000	0.000	0.000	0.000	0.000	0.500	0.500	
t = 6	1.000	0.000	0.000	0.000	0.000	0.982	0.018	
t = 7	1.000	0.000	0.000	0.000	0.000	0.998	0.002	
t = 8	1.000	0.000	0.000	0.000	0.000	0.998	0.002	
t = 9	1.000	0.000	0.000	0.000	0.000	1.000	0.000	
t = 10	1.000	0.000	0.000	0.000	0.000	1.000	0.000	
t = 11	1.000	0.000	0.000	0.000	0.000	1.000	0.000	
t = 12	1.000	0.000	0.000	0.000	0.000	1.000	0.000	
t = 13	1.000	0.000	0.000	0.000	0.000	1.000	0.000	
t = 14	1.000	0.000	0.000	0.000	0.000	1.000	0.000	
t = 15	1.000	0.000	0.000	0.000	0.000	1.000	0.000	
t = 16	1.000	0.000	0.000	0.000	0.000	1.000	0.000	
t = 17	1.000	0.000	0.000	0.000	0.000	1.000	0.000	
t = 18	1.000	0.000	0.000	0.000	0.000	1.000	0.000	
t = 19	1.000	0.000	0.000	0.000	0.000	1.000	0.000	

      === DEBUG: Probability Evolution ===
      Goal probabilities over time (columns = timesteps):
        Goal 1: [0.333, 0.965, 0.999, 1.0, 1.0, 1.0, 1.0, 1.0, 1.0, 1.0, 1.0, 1.0, 1.0, 1.0, 1.0, 1.0, 1.0, 1.0, 1.0, 1.0]
        Goal 2: [0.333, 0.018, 0.0, 0.0, 0.0, 0.0, 0.0, 0.0, 0.0, 0.0, 0.0, 0.0, 0.0, 0.0, 0.0, 0.0, 0.0, 0.0, 0.0, 0.0]
        Goal 3: [0.333, 0.018, 0.0, 0.0, 0.0, 0.0, 0.0, 0.0, 0.0, 0.0, 0.0, 0.0, 0.0, 0.0, 0.0, 0.0, 0.0, 0.0, 0.0, 0.0]

      State probabilities over time:
        State 1: [0.25, 0.25, 0.25, 0.009, 0.0, 0.0, 0.0, 0.0, 0.0, 0.0, 0.0, 0.0, 0.0, 0.0, 0.0, 0.0, 0.0, 0.0, 0.0, 0.0]
        State 2: [0.25, 0.25, 0.25, 0.009, 0.0, 0.0, 0.0, 0.0, 0.0, 0.0, 0.0, 0.0, 0.0, 0.0, 0.0, 0.0, 0.0, 0.0, 0.0, 0.0]
        State 3: [0.25, 0.25, 0.25, 0.491, 0.5, 0.5, 0.982, 0.998, 0.998, 1.0, 1.0, 1.0, 1.0, 1.0, 1.0, 1.0, 1.0, 1.0, 1.0, 1.0]
        State 4: [0.25, 0.25, 0.25, 0.491, 0.5, 0.5, 0.018, 0.002, 0.002, 0.0, 0.0, 0.0, 0.0, 0.0, 0.0, 0.0, 0.0, 0.0, 0.0, 0.0]
      Total timesteps: 20
      =====================================

    Goal 1, State 4: 23 steps
t	A	B	C	wizard1	wizard2	wizard3	wizard4	
t = 0	0.333	0.333	0.333	0.250	0.250	0.250	0.250	
t = 1	0.965	0.018	0.018	0.250	0.250	0.250	0.250	
t = 2	0.999	0.000	0.000	0.250	0.250	0.250	0.250	
t = 3	1.000	0.000	0.000	0.009	0.009	0.491	0.491	
t = 4	1.000	0.000	0.000	0.000	0.000	0.500	0.500	
t = 5	1.000	0.000	0.000	0.000	0.000	0.500	0.500	
t = 6	1.000	0.000	0.000	0.000	0.000	0.018	0.982	
t = 7	1.000	0.000	0.000	0.000	0.000	0.000	1.000	
t = 8	1.000	0.000	0.000	0.000	0.000	0.000	1.000	
t = 9	1.000	0.000	0.000	0.000	0.000	0.000	1.000	
t = 10	1.000	0.000	0.000	0.000	0.000	0.000	1.000	
t = 11	1.000	0.000	0.000	0.000	0.000	0.000	1.000	
t = 12	1.000	0.000	0.000	0.000	0.000	0.000	1.000	
t = 13	1.000	0.000	0.000	0.000	0.000	0.000	1.000	
t = 14	1.000	0.000	0.000	0.000	0.000	0.000	1.000	
t = 15	1.000	0.000	0.000	0.000	0.000	0.000	1.000	
t = 16	1.000	0.000	0.000	0.000	0.000	0.000	1.000	
t = 17	1.000	0.000	0.000	0.000	0.000	0.000	1.000	
t = 18	1.000	0.000	0.000	0.000	0.000	0.000	1.000	
t = 19	1.000	0.000	0.000	0.000	0.000	0.000	1.000	
t = 20	1.000	0.000	0.000	0.000	0.000	0.000	1.000	
t = 21	1.000	0.000	0.000	0.000	0.000	0.000	1.000	
t = 22	1.000	0.000	0.000	0.000	0.000	0.000	1.000	
t = 23	1.000	0.000	0.000	0.000	0.000	0.000	1.000	

      === DEBUG: Probability Evolution ===
      Goal probabilities over time (columns = timesteps):
        Goal 1: [0.333, 0.965, 0.999, 1.0, 1.0, 1.0, 1.0, 1.0, 1.0, 1.0, 1.0, 1.0, 1.0, 1.0, 1.0, 1.0, 1.0, 1.0, 1.0, 1.0, 1.0, 1.0, 1.0, 1.0]
        Goal 2: [0.333, 0.018, 0.0, 0.0, 0.0, 0.0, 0.0, 0.0, 0.0, 0.0, 0.0, 0.0, 0.0, 0.0, 0.0, 0.0, 0.0, 0.0, 0.0, 0.0, 0.0, 0.0, 0.0, 0.0]
        Goal 3: [0.333, 0.018, 0.0, 0.0, 0.0, 0.0, 0.0, 0.0, 0.0, 0.0, 0.0, 0.0, 0.0, 0.0, 0.0, 0.0, 0.0, 0.0, 0.0, 0.0, 0.0, 0.0, 0.0, 0.0]

      State probabilities over time:
        State 1: [0.25, 0.25, 0.25, 0.009, 0.0, 0.0, 0.0, 0.0, 0.0, 0.0, 0.0, 0.0, 0.0, 0.0, 0.0, 0.0, 0.0, 0.0, 0.0, 0.0, 0.0, 0.0, 0.0, 0.0]
        State 2: [0.25, 0.25, 0.25, 0.009, 0.0, 0.0, 0.0, 0.0, 0.0, 0.0, 0.0, 0.0, 0.0, 0.0, 0.0, 0.0, 0.0, 0.0, 0.0, 0.0, 0.0, 0.0, 0.0, 0.0]
        State 3: [0.25, 0.25, 0.25, 0.491, 0.5, 0.5, 0.018, 0.0, 0.0, 0.0, 0.0, 0.0, 0.0, 0.0, 0.0, 0.0, 0.0, 0.0, 0.0, 0.0, 0.0, 0.0, 0.0, 0.0]
        State 4: [0.25, 0.25, 0.25, 0.491, 0.5, 0.5, 0.982, 1.0, 1.0, 1.0, 1.0, 1.0, 1.0, 1.0, 1.0, 1.0, 1.0, 1.0, 1.0, 1.0, 1.0, 1.0, 1.0, 1.0]
      Total timesteps: 24
      =====================================

    Goal 2, State 1: 7 steps
t	A	B	C	wizard1	wizard2	wizard3	wizard4	
t = 0	0.333	0.333	0.333	0.250	0.250	0.250	0.250	
t = 1	0.018	0.965	0.018	0.250	0.250	0.250	0.250	
t = 2	0.000	0.999	0.000	0.250	0.250	0.250	0.250	
t = 3	0.000	1.000	0.000	0.250	0.250	0.250	0.250	
t = 4	0.000	1.000	0.000	0.250	0.250	0.250	0.250	
t = 5	0.000	1.000	0.000	0.250	0.250	0.250	0.250	
t = 6	0.000	1.000	0.000	0.250	0.250	0.250	0.250	
t = 7	0.000	1.000	0.000	0.250	0.250	0.250	0.250	

      === DEBUG: Probability Evolution ===
      Goal probabilities over time (columns = timesteps):
        Goal 1: [0.333, 0.018, 0.0, 0.0, 0.0, 0.0, 0.0, 0.0]
        Goal 2: [0.333, 0.965, 0.999, 1.0, 1.0, 1.0, 1.0, 1.0]
        Goal 3: [0.333, 0.018, 0.0, 0.0, 0.0, 0.0, 0.0, 0.0]

      State probabilities over time:
        State 1: [0.25, 0.25, 0.25, 0.25, 0.25, 0.25, 0.25, 0.25]
        State 2: [0.25, 0.25, 0.25, 0.25, 0.25, 0.25, 0.25, 0.25]
        State 3: [0.25, 0.25, 0.25, 0.25, 0.25, 0.25, 0.25, 0.25]
        State 4: [0.25, 0.25, 0.25, 0.25, 0.25, 0.25, 0.25, 0.25]
      Total timesteps: 8
      =====================================

    Goal 2, State 2: 7 steps
t	A	B	C	wizard1	wizard2	wizard3	wizard4	
t = 0	0.333	0.333	0.333	0.250	0.250	0.250	0.250	
t = 1	0.018	0.965	0.018	0.250	0.250	0.250	0.250	
t = 2	0.000	0.999	0.000	0.250	0.250	0.250	0.250	
t = 3	0.000	1.000	0.000	0.250	0.250	0.250	0.250	
t = 4	0.000	1.000	0.000	0.250	0.250	0.250	0.250	
t = 5	0.000	1.000	0.000	0.250	0.250	0.250	0.250	
t = 6	0.000	1.000	0.000	0.250	0.250	0.250	0.250	
t = 7	0.000	1.000	0.000	0.250	0.250	0.250	0.250	

      === DEBUG: Probability Evolution ===
      Goal probabilities over time (columns = timesteps):
        Goal 1: [0.333, 0.018, 0.0, 0.0, 0.0, 0.0, 0.0, 0.0]
        Goal 2: [0.333, 0.965, 0.999, 1.0, 1.0, 1.0, 1.0, 1.0]
        Goal 3: [0.333, 0.018, 0.0, 0.0, 0.0, 0.0, 0.0, 0.0]

      State probabilities over time:
        State 1: [0.25, 0.25, 0.25, 0.25, 0.25, 0.25, 0.25, 0.25]
        State 2: [0.25, 0.25, 0.25, 0.25, 0.25, 0.25, 0.25, 0.25]
        State 3: [0.25, 0.25, 0.25, 0.25, 0.25, 0.25, 0.25, 0.25]
        State 4: [0.25, 0.25, 0.25, 0.25, 0.25, 0.25, 0.25, 0.25]
      Total timesteps: 8
      =====================================

    Goal 2, State 3: 7 steps
t	A	B	C	wizard1	wizard2	wizard3	wizard4	
t = 0	0.333	0.333	0.333	0.250	0.250	0.250	0.250	
t = 1	0.018	0.965	0.018	0.250	0.250	0.250	0.250	
t = 2	0.000	0.999	0.000	0.250	0.250	0.250	0.250	
t = 3	0.000	1.000	0.000	0.250	0.250	0.250	0.250	
t = 4	0.000	1.000	0.000	0.250	0.250	0.250	0.250	
t = 5	0.000	1.000	0.000	0.250	0.250	0.250	0.250	
t = 6	0.000	1.000	0.000	0.250	0.250	0.250	0.250	
t = 7	0.000	1.000	0.000	0.250	0.250	0.250	0.250	

      === DEBUG: Probability Evolution ===
      Goal probabilities over time (columns = timesteps):
        Goal 1: [0.333, 0.018, 0.0, 0.0, 0.0, 0.0, 0.0, 0.0]
        Goal 2: [0.333, 0.965, 0.999, 1.0, 1.0, 1.0, 1.0, 1.0]
        Goal 3: [0.333, 0.018, 0.0, 0.0, 0.0, 0.0, 0.0, 0.0]

      State probabilities over time:
        State 1: [0.25, 0.25, 0.25, 0.25, 0.25, 0.25, 0.25, 0.25]
        State 2: [0.25, 0.25, 0.25, 0.25, 0.25, 0.25, 0.25, 0.25]
        State 3: [0.25, 0.25, 0.25, 0.25, 0.25, 0.25, 0.25, 0.25]
        State 4: [0.25, 0.25, 0.25, 0.25, 0.25, 0.25, 0.25, 0.25]
      Total timesteps: 8
      =====================================

    Goal 2, State 4: 7 steps
t	A	B	C	wizard1	wizard2	wizard3	wizard4	
t = 0	0.333	0.333	0.333	0.250	0.250	0.250	0.250	
t = 1	0.018	0.965	0.018	0.250	0.250	0.250	0.250	
t = 2	0.000	0.999	0.000	0.250	0.250	0.250	0.250	
t = 3	0.000	1.000	0.000	0.250	0.250	0.250	0.250	
t = 4	0.000	1.000	0.000	0.250	0.250	0.250	0.250	
t = 5	0.000	1.000	0.000	0.250	0.250	0.250	0.250	
t = 6	0.000	1.000	0.000	0.250	0.250	0.250	0.250	
t = 7	0.000	1.000	0.000	0.250	0.250	0.250	0.250	

      === DEBUG: Probability Evolution ===
      Goal probabilities over time (columns = timesteps):
        Goal 1: [0.333, 0.018, 0.0, 0.0, 0.0, 0.0, 0.0, 0.0]
        Goal 2: [0.333, 0.965, 0.999, 1.0, 1.0, 1.0, 1.0, 1.0]
        Goal 3: [0.333, 0.018, 0.0, 0.0, 0.0, 0.0, 0.0, 0.0]

      State probabilities over time:
        State 1: [0.25, 0.25, 0.25, 0.25, 0.25, 0.25, 0.25, 0.25]
        State 2: [0.25, 0.25, 0.25, 0.25, 0.25, 0.25, 0.25, 0.25]
        State 3: [0.25, 0.25, 0.25, 0.25, 0.25, 0.25, 0.25, 0.25]
        State 4: [0.25, 0.25, 0.25, 0.25, 0.25, 0.25, 0.25, 0.25]
      Total timesteps: 8
      =====================================

    Goal 3, State 1: 21 steps
t	A	B	C	wizard1	wizard2	wizard3	wizard4	
t = 0	0.333	0.333	0.333	0.250	0.250	0.250	0.250	
t = 1	0.018	0.018	0.965	0.250	0.250	0.250	0.250	
t = 2	0.000	0.000	0.999	0.250	0.250	0.250	0.250	
t = 3	0.000	0.000	1.000	0.250	0.250	0.250	0.250	
t = 4	0.000	0.000	1.000	0.250	0.250	0.250	0.250	
t = 5	0.000	0.000	1.000	0.250	0.250	0.250	0.250	
t = 6	0.000	0.000	1.000	0.250	0.250	0.250	0.250	
t = 7	0.000	0.000	1.000	0.250	0.250	0.250	0.250	
t = 8	0.000	0.000	1.000	0.250	0.250	0.250	0.250	
t = 9	0.000	0.000	1.000	0.250	0.250	0.250	0.250	
t = 10	0.000	0.000	1.000	0.250	0.250	0.250	0.250	
t = 11	0.000	0.000	1.000	0.250	0.250	0.250	0.250	
t = 12	0.000	0.000	1.000	0.250	0.250	0.250	0.250	
t = 13	0.000	0.000	1.000	0.250	0.250	0.250	0.250	
t = 14	0.000	0.000	1.000	0.250	0.250	0.250	0.250	
t = 15	0.000	0.000	1.000	0.250	0.250	0.250	0.250	
t = 16	0.000	0.000	1.000	0.250	0.250	0.250	0.250	
t = 17	0.000	0.000	1.000	0.250	0.250	0.250	0.250	
t = 18	0.000	0.000	1.000	0.250	0.250	0.250	0.250	
t = 19	0.000	0.000	1.000	0.250	0.250	0.250	0.250	
t = 20	0.000	0.000	1.000	0.250	0.250	0.250	0.250	
t = 21	0.000	0.000	1.000	0.250	0.250	0.250	0.250	

      === DEBUG: Probability Evolution ===
      Goal probabilities over time (columns = timesteps):
        Goal 1: [0.333, 0.018, 0.0, 0.0, 0.0, 0.0, 0.0, 0.0, 0.0, 0.0, 0.0, 0.0, 0.0, 0.0, 0.0, 0.0, 0.0, 0.0, 0.0, 0.0, 0.0, 0.0]
        Goal 2: [0.333, 0.018, 0.0, 0.0, 0.0, 0.0, 0.0, 0.0, 0.0, 0.0, 0.0, 0.0, 0.0, 0.0, 0.0, 0.0, 0.0, 0.0, 0.0, 0.0, 0.0, 0.0]
        Goal 3: [0.333, 0.965, 0.999, 1.0, 1.0, 1.0, 1.0, 1.0, 1.0, 1.0, 1.0, 1.0, 1.0, 1.0, 1.0, 1.0, 1.0, 1.0, 1.0, 1.0, 1.0, 1.0]

      State probabilities over time:
        State 1: [0.25, 0.25, 0.25, 0.25, 0.25, 0.25, 0.25, 0.25, 0.25, 0.25, 0.25, 0.25, 0.25, 0.25, 0.25, 0.25, 0.25, 0.25, 0.25, 0.25, 0.25, 0.25]
        State 2: [0.25, 0.25, 0.25, 0.25, 0.25, 0.25, 0.25, 0.25, 0.25, 0.25, 0.25, 0.25, 0.25, 0.25, 0.25, 0.25, 0.25, 0.25, 0.25, 0.25, 0.25, 0.25]
        State 3: [0.25, 0.25, 0.25, 0.25, 0.25, 0.25, 0.25, 0.25, 0.25, 0.25, 0.25, 0.25, 0.25, 0.25, 0.25, 0.25, 0.25, 0.25, 0.25, 0.25, 0.25, 0.25]
        State 4: [0.25, 0.25, 0.25, 0.25, 0.25, 0.25, 0.25, 0.25, 0.25, 0.25, 0.25, 0.25, 0.25, 0.25, 0.25, 0.25, 0.25, 0.25, 0.25, 0.25, 0.25, 0.25]
      Total timesteps: 22
      =====================================

    Goal 3, State 2: 21 steps
t	A	B	C	wizard1	wizard2	wizard3	wizard4	
t = 0	0.333	0.333	0.333	0.250	0.250	0.250	0.250	
t = 1	0.018	0.018	0.965	0.250	0.250	0.250	0.250	
t = 2	0.000	0.000	0.999	0.250	0.250	0.250	0.250	
t = 3	0.000	0.000	1.000	0.250	0.250	0.250	0.250	
t = 4	0.000	0.000	1.000	0.250	0.250	0.250	0.250	
t = 5	0.000	0.000	1.000	0.250	0.250	0.250	0.250	
t = 6	0.000	0.000	1.000	0.250	0.250	0.250	0.250	
t = 7	0.000	0.000	1.000	0.250	0.250	0.250	0.250	
t = 8	0.000	0.000	1.000	0.250	0.250	0.250	0.250	
t = 9	0.000	0.000	1.000	0.250	0.250	0.250	0.250	
t = 10	0.000	0.000	1.000	0.250	0.250	0.250	0.250	
t = 11	0.000	0.000	1.000	0.250	0.250	0.250	0.250	
t = 12	0.000	0.000	1.000	0.250	0.250	0.250	0.250	
t = 13	0.000	0.000	1.000	0.250	0.250	0.250	0.250	
t = 14	0.000	0.000	1.000	0.250	0.250	0.250	0.250	
t = 15	0.000	0.000	1.000	0.250	0.250	0.250	0.250	
t = 16	0.000	0.000	1.000	0.250	0.250	0.250	0.250	
t = 17	0.000	0.000	1.000	0.250	0.250	0.250	0.250	
t = 18	0.000	0.000	1.000	0.250	0.250	0.250	0.250	
t = 19	0.000	0.000	1.000	0.250	0.250	0.250	0.250	
t = 20	0.000	0.000	1.000	0.250	0.250	0.250	0.250	
t = 21	0.000	0.000	1.000	0.250	0.250	0.250	0.250	

      === DEBUG: Probability Evolution ===
      Goal probabilities over time (columns = timesteps):
        Goal 1: [0.333, 0.018, 0.0, 0.0, 0.0, 0.0, 0.0, 0.0, 0.0, 0.0, 0.0, 0.0, 0.0, 0.0, 0.0, 0.0, 0.0, 0.0, 0.0, 0.0, 0.0, 0.0]
        Goal 2: [0.333, 0.018, 0.0, 0.0, 0.0, 0.0, 0.0, 0.0, 0.0, 0.0, 0.0, 0.0, 0.0, 0.0, 0.0, 0.0, 0.0, 0.0, 0.0, 0.0, 0.0, 0.0]
        Goal 3: [0.333, 0.965, 0.999, 1.0, 1.0, 1.0, 1.0, 1.0, 1.0, 1.0, 1.0, 1.0, 1.0, 1.0, 1.0, 1.0, 1.0, 1.0, 1.0, 1.0, 1.0, 1.0]

      State probabilities over time:
        State 1: [0.25, 0.25, 0.25, 0.25, 0.25, 0.25, 0.25, 0.25, 0.25, 0.25, 0.25, 0.25, 0.25, 0.25, 0.25, 0.25, 0.25, 0.25, 0.25, 0.25, 0.25, 0.25]
        State 2: [0.25, 0.25, 0.25, 0.25, 0.25, 0.25, 0.25, 0.25, 0.25, 0.25, 0.25, 0.25, 0.25, 0.25, 0.25, 0.25, 0.25, 0.25, 0.25, 0.25, 0.25, 0.25]
        State 3: [0.25, 0.25, 0.25, 0.25, 0.25, 0.25, 0.25, 0.25, 0.25, 0.25, 0.25, 0.25, 0.25, 0.25, 0.25, 0.25, 0.25, 0.25, 0.25, 0.25, 0.25, 0.25]
        State 4: [0.25, 0.25, 0.25, 0.25, 0.25, 0.25, 0.25, 0.25, 0.25, 0.25, 0.25, 0.25, 0.25, 0.25, 0.25, 0.25, 0.25, 0.25, 0.25, 0.25, 0.25, 0.25]
      Total timesteps: 22
      =====================================

    Goal 3, State 3: 21 steps
t	A	B	C	wizard1	wizard2	wizard3	wizard4	
t = 0	0.333	0.333	0.333	0.250	0.250	0.250	0.250	
t = 1	0.018	0.018	0.965	0.250	0.250	0.250	0.250	
t = 2	0.000	0.000	0.999	0.250	0.250	0.250	0.250	
t = 3	0.000	0.000	1.000	0.250	0.250	0.250	0.250	
t = 4	0.000	0.000	1.000	0.250	0.250	0.250	0.250	
t = 5	0.000	0.000	1.000	0.250	0.250	0.250	0.250	
t = 6	0.000	0.000	1.000	0.250	0.250	0.250	0.250	
t = 7	0.000	0.000	1.000	0.250	0.250	0.250	0.250	
t = 8	0.000	0.000	1.000	0.250	0.250	0.250	0.250	
t = 9	0.000	0.000	1.000	0.250	0.250	0.250	0.250	
t = 10	0.000	0.000	1.000	0.250	0.250	0.250	0.250	
t = 11	0.000	0.000	1.000	0.250	0.250	0.250	0.250	
t = 12	0.000	0.000	1.000	0.250	0.250	0.250	0.250	
t = 13	0.000	0.000	1.000	0.250	0.250	0.250	0.250	
t = 14	0.000	0.000	1.000	0.250	0.250	0.250	0.250	
t = 15	0.000	0.000	1.000	0.250	0.250	0.250	0.250	
t = 16	0.000	0.000	1.000	0.250	0.250	0.250	0.250	
t = 17	0.000	0.000	1.000	0.250	0.250	0.250	0.250	
t = 18	0.000	0.000	1.000	0.250	0.250	0.250	0.250	
t = 19	0.000	0.000	1.000	0.250	0.250	0.250	0.250	
t = 20	0.000	0.000	1.000	0.250	0.250	0.250	0.250	
t = 21	0.000	0.000	1.000	0.250	0.250	0.250	0.250	

      === DEBUG: Probability Evolution ===
      Goal probabilities over time (columns = timesteps):
        Goal 1: [0.333, 0.018, 0.0, 0.0, 0.0, 0.0, 0.0, 0.0, 0.0, 0.0, 0.0, 0.0, 0.0, 0.0, 0.0, 0.0, 0.0, 0.0, 0.0, 0.0, 0.0, 0.0]
        Goal 2: [0.333, 0.018, 0.0, 0.0, 0.0, 0.0, 0.0, 0.0, 0.0, 0.0, 0.0, 0.0, 0.0, 0.0, 0.0, 0.0, 0.0, 0.0, 0.0, 0.0, 0.0, 0.0]
        Goal 3: [0.333, 0.965, 0.999, 1.0, 1.0, 1.0, 1.0, 1.0, 1.0, 1.0, 1.0, 1.0, 1.0, 1.0, 1.0, 1.0, 1.0, 1.0, 1.0, 1.0, 1.0, 1.0]

      State probabilities over time:
        State 1: [0.25, 0.25, 0.25, 0.25, 0.25, 0.25, 0.25, 0.25, 0.25, 0.25, 0.25, 0.25, 0.25, 0.25, 0.25, 0.25, 0.25, 0.25, 0.25, 0.25, 0.25, 0.25]
        State 2: [0.25, 0.25, 0.25, 0.25, 0.25, 0.25, 0.25, 0.25, 0.25, 0.25, 0.25, 0.25, 0.25, 0.25, 0.25, 0.25, 0.25, 0.25, 0.25, 0.25, 0.25, 0.25]
        State 3: [0.25, 0.25, 0.25, 0.25, 0.25, 0.25, 0.25, 0.25, 0.25, 0.25, 0.25, 0.25, 0.25, 0.25, 0.25, 0.25, 0.25, 0.25, 0.25, 0.25, 0.25, 0.25]
        State 4: [0.25, 0.25, 0.25, 0.25, 0.25, 0.25, 0.25, 0.25, 0.25, 0.25, 0.25, 0.25, 0.25, 0.25, 0.25, 0.25, 0.25, 0.25, 0.25, 0.25, 0.25, 0.25]
      Total timesteps: 22
      =====================================

    Goal 3, State 4: 21 steps
t	A	B	C	wizard1	wizard2	wizard3	wizard4	
t = 0	0.333	0.333	0.333	0.250	0.250	0.250	0.250	
t = 1	0.018	0.018	0.965	0.250	0.250	0.250	0.250	
t = 2	0.000	0.000	0.999	0.250	0.250	0.250	0.250	
t = 3	0.000	0.000	1.000	0.250	0.250	0.250	0.250	
t = 4	0.000	0.000	1.000	0.250	0.250	0.250	0.250	
t = 5	0.000	0.000	1.000	0.250	0.250	0.250	0.250	
t = 6	0.000	0.000	1.000	0.250	0.250	0.250	0.250	
t = 7	0.000	0.000	1.000	0.250	0.250	0.250	0.250	
t = 8	0.000	0.000	1.000	0.250	0.250	0.250	0.250	
t = 9	0.000	0.000	1.000	0.250	0.250	0.250	0.250	
t = 10	0.000	0.000	1.000	0.250	0.250	0.250	0.250	
t = 11	0.000	0.000	1.000	0.250	0.250	0.250	0.250	
t = 12	0.000	0.000	1.000	0.250	0.250	0.250	0.250	
t = 13	0.000	0.000	1.000	0.250	0.250	0.250	0.250	
t = 14	0.000	0.000	1.000	0.250	0.250	0.250	0.250	
t = 15	0.000	0.000	1.000	0.250	0.250	0.250	0.250	
t = 16	0.000	0.000	1.000	0.250	0.250	0.250	0.250	
t = 17	0.000	0.000	1.000	0.250	0.250	0.250	0.250	
t = 18	0.000	0.000	1.000	0.250	0.250	0.250	0.250	
t = 19	0.000	0.000	1.000	0.250	0.250	0.250	0.250	
t = 20	0.000	0.000	1.000	0.250	0.250	0.250	0.250	
t = 21	0.000	0.000	1.000	0.250	0.250	0.250	0.250	

      === DEBUG: Probability Evolution ===
      Goal probabilities over time (columns = timesteps):
        Goal 1: [0.333, 0.018, 0.0, 0.0, 0.0, 0.0, 0.0, 0.0, 0.0, 0.0, 0.0, 0.0, 0.0, 0.0, 0.0, 0.0, 0.0, 0.0, 0.0, 0.0, 0.0, 0.0]
        Goal 2: [0.333, 0.018, 0.0, 0.0, 0.0, 0.0, 0.0, 0.0, 0.0, 0.0, 0.0, 0.0, 0.0, 0.0, 0.0, 0.0, 0.0, 0.0, 0.0, 0.0, 0.0, 0.0]
        Goal 3: [0.333, 0.965, 0.999, 1.0, 1.0, 1.0, 1.0, 1.0, 1.0, 1.0, 1.0, 1.0, 1.0, 1.0, 1.0, 1.0, 1.0, 1.0, 1.0, 1.0, 1.0, 1.0]

      State probabilities over time:
        State 1: [0.25, 0.25, 0.25, 0.25, 0.25, 0.25, 0.25, 0.25, 0.25, 0.25, 0.25, 0.25, 0.25, 0.25, 0.25, 0.25, 0.25, 0.25, 0.25, 0.25, 0.25, 0.25]
        State 2: [0.25, 0.25, 0.25, 0.25, 0.25, 0.25, 0.25, 0.25, 0.25, 0.25, 0.25, 0.25, 0.25, 0.25, 0.25, 0.25, 0.25, 0.25, 0.25, 0.25, 0.25, 0.25]
        State 3: [0.25, 0.25, 0.25, 0.25, 0.25, 0.25, 0.25, 0.25, 0.25, 0.25, 0.25, 0.25, 0.25, 0.25, 0.25, 0.25, 0.25, 0.25, 0.25, 0.25, 0.25, 0.25]
        State 4: [0.25, 0.25, 0.25, 0.25, 0.25, 0.25, 0.25, 0.25, 0.25, 0.25, 0.25, 0.25, 0.25, 0.25, 0.25, 0.25, 0.25, 0.25, 0.25, 0.25, 0.25, 0.25]
      Total timesteps: 22
      =====================================


=== Running inference for agent3 ===

Processing map: sm541 for agent3
  Scenario 2: agent3 -> gem1
Const[wizard1, wizard2, wizard3, wizard4, wizard5]    Goal 1, State 1: 21 steps
t	A	B	C	wizard1	wizard2	wizard3	wizard4	
t = 0	0.333	0.333	0.333	0.250	0.250	0.250	0.250	
t = 1	0.117	0.442	0.442	0.277	0.277	0.223	0.223	
t = 2	0.061	0.469	0.469	0.265	0.265	0.235	0.235	
t = 3	0.649	0.176	0.176	0.412	0.412	0.088	0.088	
t = 4	0.964	0.018	0.018	0.940	0.042	0.009	0.009	
t = 5	0.999	0.000	0.000	0.982	0.018	0.000	0.000	
t = 6	1.000	0.000	0.000	1.000	0.000	0.000	0.000	
t = 7	1.000	0.000	0.000	1.000	0.000	0.000	0.000	
t = 8	1.000	0.000	0.000	1.000	0.000	0.000	0.000	
t = 9	1.000	0.000	0.000	1.000	0.000	0.000	0.000	
t = 10	1.000	0.000	0.000	1.000	0.000	0.000	0.000	
t = 11	1.000	0.000	0.000	1.000	0.000	0.000	0.000	
t = 12	1.000	0.000	0.000	1.000	0.000	0.000	0.000	
t = 13	1.000	0.000	0.000	1.000	0.000	0.000	0.000	
t = 14	1.000	0.000	0.000	1.000	0.000	0.000	0.000	
t = 15	1.000	0.000	0.000	1.000	0.000	0.000	0.000	
t = 16	1.000	0.000	0.000	1.000	0.000	0.000	0.000	
t = 17	1.000	0.000	0.000	1.000	0.000	0.000	0.000	
t = 18	1.000	0.000	0.000	1.000	0.000	0.000	0.000	
t = 19	1.000	0.000	0.000	1.000	0.000	0.000	0.000	
t = 20	1.000	0.000	0.000	1.000	0.000	0.000	0.000	
t = 21	1.000	0.000	0.000	1.000	0.000	0.000	0.000	

      === DEBUG: Probability Evolution ===
      Goal probabilities over time (columns = timesteps):
        Goal 1: [0.333, 0.117, 0.061, 0.649, 0.964, 0.999, 1.0, 1.0, 1.0, 1.0, 1.0, 1.0, 1.0, 1.0, 1.0, 1.0, 1.0, 1.0, 1.0, 1.0, 1.0, 1.0]
        Goal 2: [0.333, 0.442, 0.469, 0.176, 0.018, 0.0, 0.0, 0.0, 0.0, 0.0, 0.0, 0.0, 0.0, 0.0, 0.0, 0.0, 0.0, 0.0, 0.0, 0.0, 0.0, 0.0]
        Goal 3: [0.333, 0.442, 0.469, 0.176, 0.018, 0.0, 0.0, 0.0, 0.0, 0.0, 0.0, 0.0, 0.0, 0.0, 0.0, 0.0, 0.0, 0.0, 0.0, 0.0, 0.0, 0.0]

      State probabilities over time:
        State 1: [0.25, 0.277, 0.265, 0.412, 0.94, 0.982, 1.0, 1.0, 1.0, 1.0, 1.0, 1.0, 1.0, 1.0, 1.0, 1.0, 1.0, 1.0, 1.0, 1.0, 1.0, 1.0]
        State 2: [0.25, 0.277, 0.265, 0.412, 0.042, 0.018, 0.0, 0.0, 0.0, 0.0, 0.0, 0.0, 0.0, 0.0, 0.0, 0.0, 0.0, 0.0, 0.0, 0.0, 0.0, 0.0]
        State 3: [0.25, 0.223, 0.235, 0.088, 0.009, 0.0, 0.0, 0.0, 0.0, 0.0, 0.0, 0.0, 0.0, 0.0, 0.0, 0.0, 0.0, 0.0, 0.0, 0.0, 0.0, 0.0]
        State 4: [0.25, 0.223, 0.235, 0.088, 0.009, 0.0, 0.0, 0.0, 0.0, 0.0, 0.0, 0.0, 0.0, 0.0, 0.0, 0.0, 0.0, 0.0, 0.0, 0.0, 0.0, 0.0]
      Total timesteps: 22
      =====================================

    Goal 1, State 2: 17 steps
t	A	B	C	wizard1	wizard2	wizard3	wizard4	
t = 0	0.333	0.333	0.333	0.250	0.250	0.250	0.250	
t = 1	0.117	0.442	0.442	0.277	0.277	0.223	0.223	
t = 2	0.061	0.469	0.469	0.265	0.265	0.235	0.235	
t = 3	0.649	0.176	0.176	0.412	0.412	0.088	0.088	
t = 4	0.987	0.006	0.006	0.338	0.655	0.003	0.003	
t = 5	1.000	0.000	0.000	0.009	0.991	0.000	0.000	
t = 6	1.000	0.000	0.000	0.001	0.999	0.000	0.000	
t = 7	1.000	0.000	0.000	0.001	0.999	0.000	0.000	
t = 8	1.000	0.000	0.000	0.000	1.000	0.000	0.000	
t = 9	1.000	0.000	0.000	0.000	1.000	0.000	0.000	
t = 10	1.000	0.000	0.000	0.000	1.000	0.000	0.000	
t = 11	1.000	0.000	0.000	0.000	1.000	0.000	0.000	
t = 12	1.000	0.000	0.000	0.000	1.000	0.000	0.000	
t = 13	1.000	0.000	0.000	0.000	1.000	0.000	0.000	
t = 14	1.000	0.000	0.000	0.000	1.000	0.000	0.000	
t = 15	1.000	0.000	0.000	0.000	1.000	0.000	0.000	
t = 16	1.000	0.000	0.000	0.000	1.000	0.000	0.000	
t = 17	1.000	0.000	0.000	0.000	1.000	0.000	0.000	

      === DEBUG: Probability Evolution ===
      Goal probabilities over time (columns = timesteps):
        Goal 1: [0.333, 0.117, 0.061, 0.649, 0.987, 1.0, 1.0, 1.0, 1.0, 1.0, 1.0, 1.0, 1.0, 1.0, 1.0, 1.0, 1.0, 1.0]
        Goal 2: [0.333, 0.442, 0.469, 0.176, 0.006, 0.0, 0.0, 0.0, 0.0, 0.0, 0.0, 0.0, 0.0, 0.0, 0.0, 0.0, 0.0, 0.0]
        Goal 3: [0.333, 0.442, 0.469, 0.176, 0.006, 0.0, 0.0, 0.0, 0.0, 0.0, 0.0, 0.0, 0.0, 0.0, 0.0, 0.0, 0.0, 0.0]

      State probabilities over time:
        State 1: [0.25, 0.277, 0.265, 0.412, 0.338, 0.009, 0.001, 0.001, 0.0, 0.0, 0.0, 0.0, 0.0, 0.0, 0.0, 0.0, 0.0, 0.0]
        State 2: [0.25, 0.277, 0.265, 0.412, 0.655, 0.991, 0.999, 0.999, 1.0, 1.0, 1.0, 1.0, 1.0, 1.0, 1.0, 1.0, 1.0, 1.0]
        State 3: [0.25, 0.223, 0.235, 0.088, 0.003, 0.0, 0.0, 0.0, 0.0, 0.0, 0.0, 0.0, 0.0, 0.0, 0.0, 0.0, 0.0, 0.0]
        State 4: [0.25, 0.223, 0.235, 0.088, 0.003, 0.0, 0.0, 0.0, 0.0, 0.0, 0.0, 0.0, 0.0, 0.0, 0.0, 0.0, 0.0, 0.0]
      Total timesteps: 18
      =====================================

    Goal 1, State 3: 15 steps
t	A	B	C	wizard1	wizard2	wizard3	wizard4	
t = 0	0.333	0.333	0.333	0.250	0.250	0.250	0.250	
t = 1	0.954	0.023	0.023	0.172	0.172	0.328	0.328	
t = 2	0.999	0.001	0.001	0.009	0.009	0.963	0.018	
t = 3	1.000	0.000	0.000	0.001	0.001	0.995	0.002	
t = 4	1.000	0.000	0.000	0.001	0.001	0.995	0.002	
t = 5	1.000	0.000	0.000	0.000	0.000	1.000	0.000	
t = 6	1.000	0.000	0.000	0.000	0.000	1.000	0.000	
t = 7	1.000	0.000	0.000	0.000	0.000	1.000	0.000	
t = 8	1.000	0.000	0.000	0.000	0.000	1.000	0.000	
t = 9	1.000	0.000	0.000	0.000	0.000	1.000	0.000	
t = 10	1.000	0.000	0.000	0.000	0.000	1.000	0.000	
t = 11	1.000	0.000	0.000	0.000	0.000	1.000	0.000	
t = 12	1.000	0.000	0.000	0.000	0.000	1.000	0.000	
t = 13	1.000	0.000	0.000	0.000	0.000	1.000	0.000	
t = 14	1.000	0.000	0.000	0.000	0.000	1.000	0.000	
t = 15	1.000	0.000	0.000	0.000	0.000	1.000	0.000	

      === DEBUG: Probability Evolution ===
      Goal probabilities over time (columns = timesteps):
        Goal 1: [0.333, 0.954, 0.999, 1.0, 1.0, 1.0, 1.0, 1.0, 1.0, 1.0, 1.0, 1.0, 1.0, 1.0, 1.0, 1.0]
        Goal 2: [0.333, 0.023, 0.001, 0.0, 0.0, 0.0, 0.0, 0.0, 0.0, 0.0, 0.0, 0.0, 0.0, 0.0, 0.0, 0.0]
        Goal 3: [0.333, 0.023, 0.001, 0.0, 0.0, 0.0, 0.0, 0.0, 0.0, 0.0, 0.0, 0.0, 0.0, 0.0, 0.0, 0.0]

      State probabilities over time:
        State 1: [0.25, 0.172, 0.009, 0.001, 0.001, 0.0, 0.0, 0.0, 0.0, 0.0, 0.0, 0.0, 0.0, 0.0, 0.0, 0.0]
        State 2: [0.25, 0.172, 0.009, 0.001, 0.001, 0.0, 0.0, 0.0, 0.0, 0.0, 0.0, 0.0, 0.0, 0.0, 0.0, 0.0]
        State 3: [0.25, 0.328, 0.963, 0.995, 0.995, 1.0, 1.0, 1.0, 1.0, 1.0, 1.0, 1.0, 1.0, 1.0, 1.0, 1.0]
        State 4: [0.25, 0.328, 0.018, 0.002, 0.002, 0.0, 0.0, 0.0, 0.0, 0.0, 0.0, 0.0, 0.0, 0.0, 0.0, 0.0]
      Total timesteps: 16
      =====================================

    Goal 1, State 4: 19 steps
t	A	B	C	wizard1	wizard2	wizard3	wizard4	
t = 0	0.333	0.333	0.333	0.250	0.250	0.250	0.250	
t = 1	0.954	0.023	0.023	0.172	0.172	0.328	0.328	
t = 2	0.999	0.001	0.001	0.009	0.009	0.018	0.963	
t = 3	1.000	0.000	0.000	0.000	0.000	0.000	0.999	
t = 4	1.000	0.000	0.000	0.000	0.000	0.000	1.000	
t = 5	1.000	0.000	0.000	0.000	0.000	0.000	1.000	
t = 6	1.000	0.000	0.000	0.000	0.000	0.000	1.000	
t = 7	1.000	0.000	0.000	0.000	0.000	0.000	1.000	
t = 8	1.000	0.000	0.000	0.000	0.000	0.000	1.000	
t = 9	1.000	0.000	0.000	0.000	0.000	0.000	1.000	
t = 10	1.000	0.000	0.000	0.000	0.000	0.000	1.000	
t = 11	1.000	0.000	0.000	0.000	0.000	0.000	1.000	
t = 12	1.000	0.000	0.000	0.000	0.000	0.000	1.000	
t = 13	1.000	0.000	0.000	0.000	0.000	0.000	1.000	
t = 14	1.000	0.000	0.000	0.000	0.000	0.000	1.000	
t = 15	1.000	0.000	0.000	0.000	0.000	0.000	1.000	
t = 16	1.000	0.000	0.000	0.000	0.000	0.000	1.000	
t = 17	1.000	0.000	0.000	0.000	0.000	0.000	1.000	
t = 18	1.000	0.000	0.000	0.000	0.000	0.000	1.000	
t = 19	1.000	0.000	0.000	0.000	0.000	0.000	1.000	

      === DEBUG: Probability Evolution ===
      Goal probabilities over time (columns = timesteps):
        Goal 1: [0.333, 0.954, 0.999, 1.0, 1.0, 1.0, 1.0, 1.0, 1.0, 1.0, 1.0, 1.0, 1.0, 1.0, 1.0, 1.0, 1.0, 1.0, 1.0, 1.0]
        Goal 2: [0.333, 0.023, 0.001, 0.0, 0.0, 0.0, 0.0, 0.0, 0.0, 0.0, 0.0, 0.0, 0.0, 0.0, 0.0, 0.0, 0.0, 0.0, 0.0, 0.0]
        Goal 3: [0.333, 0.023, 0.001, 0.0, 0.0, 0.0, 0.0, 0.0, 0.0, 0.0, 0.0, 0.0, 0.0, 0.0, 0.0, 0.0, 0.0, 0.0, 0.0, 0.0]

      State probabilities over time:
        State 1: [0.25, 0.172, 0.009, 0.0, 0.0, 0.0, 0.0, 0.0, 0.0, 0.0, 0.0, 0.0, 0.0, 0.0, 0.0, 0.0, 0.0, 0.0, 0.0, 0.0]
        State 2: [0.25, 0.172, 0.009, 0.0, 0.0, 0.0, 0.0, 0.0, 0.0, 0.0, 0.0, 0.0, 0.0, 0.0, 0.0, 0.0, 0.0, 0.0, 0.0, 0.0]
        State 3: [0.25, 0.328, 0.018, 0.0, 0.0, 0.0, 0.0, 0.0, 0.0, 0.0, 0.0, 0.0, 0.0, 0.0, 0.0, 0.0, 0.0, 0.0, 0.0, 0.0]
        State 4: [0.25, 0.328, 0.963, 0.999, 1.0, 1.0, 1.0, 1.0, 1.0, 1.0, 1.0, 1.0, 1.0, 1.0, 1.0, 1.0, 1.0, 1.0, 1.0, 1.0]
      Total timesteps: 20
      =====================================

    Goal 2, State 1: 11 steps
t	A	B	C	wizard1	wizard2	wizard3	wizard4	
t = 0	0.333	0.333	0.333	0.250	0.250	0.250	0.250	
t = 1	0.117	0.442	0.442	0.277	0.277	0.223	0.223	
t = 2	0.061	0.469	0.469	0.265	0.265	0.235	0.235	
t = 3	0.001	0.500	0.500	0.250	0.250	0.250	0.250	
t = 4	0.000	0.500	0.500	0.250	0.250	0.250	0.250	
t = 5	0.000	0.982	0.018	0.250	0.250	0.250	0.250	
t = 6	0.000	1.000	0.000	0.250	0.250	0.250	0.250	
t = 7	0.000	1.000	0.000	0.250	0.250	0.250	0.250	
t = 8	0.000	1.000	0.000	0.250	0.250	0.250	0.250	
t = 9	0.000	1.000	0.000	0.250	0.250	0.250	0.250	
t = 10	0.000	1.000	0.000	0.250	0.250	0.250	0.250	
t = 11	0.000	1.000	0.000	0.250	0.250	0.250	0.250	

      === DEBUG: Probability Evolution ===
      Goal probabilities over time (columns = timesteps):
        Goal 1: [0.333, 0.117, 0.061, 0.001, 0.0, 0.0, 0.0, 0.0, 0.0, 0.0, 0.0, 0.0]
        Goal 2: [0.333, 0.442, 0.469, 0.5, 0.5, 0.982, 1.0, 1.0, 1.0, 1.0, 1.0, 1.0]
        Goal 3: [0.333, 0.442, 0.469, 0.5, 0.5, 0.018, 0.0, 0.0, 0.0, 0.0, 0.0, 0.0]

      State probabilities over time:
        State 1: [0.25, 0.277, 0.265, 0.25, 0.25, 0.25, 0.25, 0.25, 0.25, 0.25, 0.25, 0.25]
        State 2: [0.25, 0.277, 0.265, 0.25, 0.25, 0.25, 0.25, 0.25, 0.25, 0.25, 0.25, 0.25]
        State 3: [0.25, 0.223, 0.235, 0.25, 0.25, 0.25, 0.25, 0.25, 0.25, 0.25, 0.25, 0.25]
        State 4: [0.25, 0.223, 0.235, 0.25, 0.25, 0.25, 0.25, 0.25, 0.25, 0.25, 0.25, 0.25]
      Total timesteps: 12
      =====================================

    Goal 2, State 2: 11 steps
t	A	B	C	wizard1	wizard2	wizard3	wizard4	
t = 0	0.333	0.333	0.333	0.250	0.250	0.250	0.250	
t = 1	0.117	0.442	0.442	0.277	0.277	0.223	0.223	
t = 2	0.061	0.469	0.469	0.265	0.265	0.235	0.235	
t = 3	0.001	0.500	0.500	0.250	0.250	0.250	0.250	
t = 4	0.000	0.500	0.500	0.250	0.250	0.250	0.250	
t = 5	0.000	0.982	0.018	0.250	0.250	0.250	0.250	
t = 6	0.000	1.000	0.000	0.250	0.250	0.250	0.250	
t = 7	0.000	1.000	0.000	0.250	0.250	0.250	0.250	
t = 8	0.000	1.000	0.000	0.250	0.250	0.250	0.250	
t = 9	0.000	1.000	0.000	0.250	0.250	0.250	0.250	
t = 10	0.000	1.000	0.000	0.250	0.250	0.250	0.250	
t = 11	0.000	1.000	0.000	0.250	0.250	0.250	0.250	

      === DEBUG: Probability Evolution ===
      Goal probabilities over time (columns = timesteps):
        Goal 1: [0.333, 0.117, 0.061, 0.001, 0.0, 0.0, 0.0, 0.0, 0.0, 0.0, 0.0, 0.0]
        Goal 2: [0.333, 0.442, 0.469, 0.5, 0.5, 0.982, 1.0, 1.0, 1.0, 1.0, 1.0, 1.0]
        Goal 3: [0.333, 0.442, 0.469, 0.5, 0.5, 0.018, 0.0, 0.0, 0.0, 0.0, 0.0, 0.0]

      State probabilities over time:
        State 1: [0.25, 0.277, 0.265, 0.25, 0.25, 0.25, 0.25, 0.25, 0.25, 0.25, 0.25, 0.25]
        State 2: [0.25, 0.277, 0.265, 0.25, 0.25, 0.25, 0.25, 0.25, 0.25, 0.25, 0.25, 0.25]
        State 3: [0.25, 0.223, 0.235, 0.25, 0.25, 0.25, 0.25, 0.25, 0.25, 0.25, 0.25, 0.25]
        State 4: [0.25, 0.223, 0.235, 0.25, 0.25, 0.25, 0.25, 0.25, 0.25, 0.25, 0.25, 0.25]
      Total timesteps: 12
      =====================================

    Goal 2, State 3: 11 steps
t	A	B	C	wizard1	wizard2	wizard3	wizard4	
t = 0	0.333	0.333	0.333	0.250	0.250	0.250	0.250	
t = 1	0.117	0.442	0.442	0.277	0.277	0.223	0.223	
t = 2	0.061	0.469	0.469	0.265	0.265	0.235	0.235	
t = 3	0.001	0.500	0.500	0.250	0.250	0.250	0.250	
t = 4	0.000	0.500	0.500	0.250	0.250	0.250	0.250	
t = 5	0.000	0.982	0.018	0.250	0.250	0.250	0.250	
t = 6	0.000	1.000	0.000	0.250	0.250	0.250	0.250	
t = 7	0.000	1.000	0.000	0.250	0.250	0.250	0.250	
t = 8	0.000	1.000	0.000	0.250	0.250	0.250	0.250	
t = 9	0.000	1.000	0.000	0.250	0.250	0.250	0.250	
t = 10	0.000	1.000	0.000	0.250	0.250	0.250	0.250	
t = 11	0.000	1.000	0.000	0.250	0.250	0.250	0.250	

      === DEBUG: Probability Evolution ===
      Goal probabilities over time (columns = timesteps):
        Goal 1: [0.333, 0.117, 0.061, 0.001, 0.0, 0.0, 0.0, 0.0, 0.0, 0.0, 0.0, 0.0]
        Goal 2: [0.333, 0.442, 0.469, 0.5, 0.5, 0.982, 1.0, 1.0, 1.0, 1.0, 1.0, 1.0]
        Goal 3: [0.333, 0.442, 0.469, 0.5, 0.5, 0.018, 0.0, 0.0, 0.0, 0.0, 0.0, 0.0]

      State probabilities over time:
        State 1: [0.25, 0.277, 0.265, 0.25, 0.25, 0.25, 0.25, 0.25, 0.25, 0.25, 0.25, 0.25]
        State 2: [0.25, 0.277, 0.265, 0.25, 0.25, 0.25, 0.25, 0.25, 0.25, 0.25, 0.25, 0.25]
        State 3: [0.25, 0.223, 0.235, 0.25, 0.25, 0.25, 0.25, 0.25, 0.25, 0.25, 0.25, 0.25]
        State 4: [0.25, 0.223, 0.235, 0.25, 0.25, 0.25, 0.25, 0.25, 0.25, 0.25, 0.25, 0.25]
      Total timesteps: 12
      =====================================

    Goal 2, State 4: 11 steps
t	A	B	C	wizard1	wizard2	wizard3	wizard4	
t = 0	0.333	0.333	0.333	0.250	0.250	0.250	0.250	
t = 1	0.117	0.442	0.442	0.277	0.277	0.223	0.223	
t = 2	0.061	0.469	0.469	0.265	0.265	0.235	0.235	
t = 3	0.001	0.500	0.500	0.250	0.250	0.250	0.250	
t = 4	0.000	0.500	0.500	0.250	0.250	0.250	0.250	
t = 5	0.000	0.982	0.018	0.250	0.250	0.250	0.250	
t = 6	0.000	1.000	0.000	0.250	0.250	0.250	0.250	
t = 7	0.000	1.000	0.000	0.250	0.250	0.250	0.250	
t = 8	0.000	1.000	0.000	0.250	0.250	0.250	0.250	
t = 9	0.000	1.000	0.000	0.250	0.250	0.250	0.250	
t = 10	0.000	1.000	0.000	0.250	0.250	0.250	0.250	
t = 11	0.000	1.000	0.000	0.250	0.250	0.250	0.250	

      === DEBUG: Probability Evolution ===
      Goal probabilities over time (columns = timesteps):
        Goal 1: [0.333, 0.117, 0.061, 0.001, 0.0, 0.0, 0.0, 0.0, 0.0, 0.0, 0.0, 0.0]
        Goal 2: [0.333, 0.442, 0.469, 0.5, 0.5, 0.982, 1.0, 1.0, 1.0, 1.0, 1.0, 1.0]
        Goal 3: [0.333, 0.442, 0.469, 0.5, 0.5, 0.018, 0.0, 0.0, 0.0, 0.0, 0.0, 0.0]

      State probabilities over time:
        State 1: [0.25, 0.277, 0.265, 0.25, 0.25, 0.25, 0.25, 0.25, 0.25, 0.25, 0.25, 0.25]
        State 2: [0.25, 0.277, 0.265, 0.25, 0.25, 0.25, 0.25, 0.25, 0.25, 0.25, 0.25, 0.25]
        State 3: [0.25, 0.223, 0.235, 0.25, 0.25, 0.25, 0.25, 0.25, 0.25, 0.25, 0.25, 0.25]
        State 4: [0.25, 0.223, 0.235, 0.25, 0.25, 0.25, 0.25, 0.25, 0.25, 0.25, 0.25, 0.25]
      Total timesteps: 12
      =====================================

    Goal 3, State 1: 25 steps
t	A	B	C	wizard1	wizard2	wizard3	wizard4	
t = 0	0.333	0.333	0.333	0.250	0.250	0.250	0.250	
t = 1	0.117	0.442	0.442	0.277	0.277	0.223	0.223	
t = 2	0.061	0.469	0.469	0.265	0.265	0.235	0.235	
t = 3	0.001	0.500	0.500	0.250	0.250	0.250	0.250	
t = 4	0.000	0.500	0.500	0.250	0.250	0.250	0.250	
t = 5	0.000	0.018	0.982	0.250	0.250	0.250	0.250	
t = 6	0.000	0.000	1.000	0.250	0.250	0.250	0.250	
t = 7	0.000	0.000	1.000	0.250	0.250	0.250	0.250	
t = 8	0.000	0.000	1.000	0.250	0.250	0.250	0.250	
t = 9	0.000	0.000	1.000	0.250	0.250	0.250	0.250	
t = 10	0.000	0.000	1.000	0.250	0.250	0.250	0.250	
t = 11	0.000	0.000	1.000	0.250	0.250	0.250	0.250	
t = 12	0.000	0.000	1.000	0.250	0.250	0.250	0.250	
t = 13	0.000	0.000	1.000	0.250	0.250	0.250	0.250	
t = 14	0.000	0.000	1.000	0.250	0.250	0.250	0.250	
t = 15	0.000	0.000	1.000	0.250	0.250	0.250	0.250	
t = 16	0.000	0.000	1.000	0.250	0.250	0.250	0.250	
t = 17	0.000	0.000	1.000	0.250	0.250	0.250	0.250	
t = 18	0.000	0.000	1.000	0.250	0.250	0.250	0.250	
t = 19	0.000	0.000	1.000	0.250	0.250	0.250	0.250	
t = 20	0.000	0.000	1.000	0.250	0.250	0.250	0.250	
t = 21	0.000	0.000	1.000	0.250	0.250	0.250	0.250	
t = 22	0.000	0.000	1.000	0.250	0.250	0.250	0.250	
t = 23	0.000	0.000	1.000	0.250	0.250	0.250	0.250	
t = 24	0.000	0.000	1.000	0.250	0.250	0.250	0.250	
t = 25	0.000	0.000	1.000	0.250	0.250	0.250	0.250	

      === DEBUG: Probability Evolution ===
      Goal probabilities over time (columns = timesteps):
        Goal 1: [0.333, 0.117, 0.061, 0.001, 0.0, 0.0, 0.0, 0.0, 0.0, 0.0, 0.0, 0.0, 0.0, 0.0, 0.0, 0.0, 0.0, 0.0, 0.0, 0.0, 0.0, 0.0, 0.0, 0.0, 0.0, 0.0]
        Goal 2: [0.333, 0.442, 0.469, 0.5, 0.5, 0.018, 0.0, 0.0, 0.0, 0.0, 0.0, 0.0, 0.0, 0.0, 0.0, 0.0, 0.0, 0.0, 0.0, 0.0, 0.0, 0.0, 0.0, 0.0, 0.0, 0.0]
        Goal 3: [0.333, 0.442, 0.469, 0.5, 0.5, 0.982, 1.0, 1.0, 1.0, 1.0, 1.0, 1.0, 1.0, 1.0, 1.0, 1.0, 1.0, 1.0, 1.0, 1.0, 1.0, 1.0, 1.0, 1.0, 1.0, 1.0]

      State probabilities over time:
        State 1: [0.25, 0.277, 0.265, 0.25, 0.25, 0.25, 0.25, 0.25, 0.25, 0.25, 0.25, 0.25, 0.25, 0.25, 0.25, 0.25, 0.25, 0.25, 0.25, 0.25, 0.25, 0.25, 0.25, 0.25, 0.25, 0.25]
        State 2: [0.25, 0.277, 0.265, 0.25, 0.25, 0.25, 0.25, 0.25, 0.25, 0.25, 0.25, 0.25, 0.25, 0.25, 0.25, 0.25, 0.25, 0.25, 0.25, 0.25, 0.25, 0.25, 0.25, 0.25, 0.25, 0.25]
        State 3: [0.25, 0.223, 0.235, 0.25, 0.25, 0.25, 0.25, 0.25, 0.25, 0.25, 0.25, 0.25, 0.25, 0.25, 0.25, 0.25, 0.25, 0.25, 0.25, 0.25, 0.25, 0.25, 0.25, 0.25, 0.25, 0.25]
        State 4: [0.25, 0.223, 0.235, 0.25, 0.25, 0.25, 0.25, 0.25, 0.25, 0.25, 0.25, 0.25, 0.25, 0.25, 0.25, 0.25, 0.25, 0.25, 0.25, 0.25, 0.25, 0.25, 0.25, 0.25, 0.25, 0.25]
      Total timesteps: 26
      =====================================

    Goal 3, State 2: 25 steps
t	A	B	C	wizard1	wizard2	wizard3	wizard4	
t = 0	0.333	0.333	0.333	0.250	0.250	0.250	0.250	
t = 1	0.117	0.442	0.442	0.277	0.277	0.223	0.223	
t = 2	0.061	0.469	0.469	0.265	0.265	0.235	0.235	
t = 3	0.001	0.500	0.500	0.250	0.250	0.250	0.250	
t = 4	0.000	0.500	0.500	0.250	0.250	0.250	0.250	
t = 5	0.000	0.018	0.982	0.250	0.250	0.250	0.250	
t = 6	0.000	0.000	1.000	0.250	0.250	0.250	0.250	
t = 7	0.000	0.000	1.000	0.250	0.250	0.250	0.250	
t = 8	0.000	0.000	1.000	0.250	0.250	0.250	0.250	
t = 9	0.000	0.000	1.000	0.250	0.250	0.250	0.250	
t = 10	0.000	0.000	1.000	0.250	0.250	0.250	0.250	
t = 11	0.000	0.000	1.000	0.250	0.250	0.250	0.250	
t = 12	0.000	0.000	1.000	0.250	0.250	0.250	0.250	
t = 13	0.000	0.000	1.000	0.250	0.250	0.250	0.250	
t = 14	0.000	0.000	1.000	0.250	0.250	0.250	0.250	
t = 15	0.000	0.000	1.000	0.250	0.250	0.250	0.250	
t = 16	0.000	0.000	1.000	0.250	0.250	0.250	0.250	
t = 17	0.000	0.000	1.000	0.250	0.250	0.250	0.250	
t = 18	0.000	0.000	1.000	0.250	0.250	0.250	0.250	
t = 19	0.000	0.000	1.000	0.250	0.250	0.250	0.250	
t = 20	0.000	0.000	1.000	0.250	0.250	0.250	0.250	
t = 21	0.000	0.000	1.000	0.250	0.250	0.250	0.250	
t = 22	0.000	0.000	1.000	0.250	0.250	0.250	0.250	
t = 23	0.000	0.000	1.000	0.250	0.250	0.250	0.250	
t = 24	0.000	0.000	1.000	0.250	0.250	0.250	0.250	
t = 25	0.000	0.000	1.000	0.250	0.250	0.250	0.250	

      === DEBUG: Probability Evolution ===
      Goal probabilities over time (columns = timesteps):
        Goal 1: [0.333, 0.117, 0.061, 0.001, 0.0, 0.0, 0.0, 0.0, 0.0, 0.0, 0.0, 0.0, 0.0, 0.0, 0.0, 0.0, 0.0, 0.0, 0.0, 0.0, 0.0, 0.0, 0.0, 0.0, 0.0, 0.0]
        Goal 2: [0.333, 0.442, 0.469, 0.5, 0.5, 0.018, 0.0, 0.0, 0.0, 0.0, 0.0, 0.0, 0.0, 0.0, 0.0, 0.0, 0.0, 0.0, 0.0, 0.0, 0.0, 0.0, 0.0, 0.0, 0.0, 0.0]
        Goal 3: [0.333, 0.442, 0.469, 0.5, 0.5, 0.982, 1.0, 1.0, 1.0, 1.0, 1.0, 1.0, 1.0, 1.0, 1.0, 1.0, 1.0, 1.0, 1.0, 1.0, 1.0, 1.0, 1.0, 1.0, 1.0, 1.0]

      State probabilities over time:
        State 1: [0.25, 0.277, 0.265, 0.25, 0.25, 0.25, 0.25, 0.25, 0.25, 0.25, 0.25, 0.25, 0.25, 0.25, 0.25, 0.25, 0.25, 0.25, 0.25, 0.25, 0.25, 0.25, 0.25, 0.25, 0.25, 0.25]
        State 2: [0.25, 0.277, 0.265, 0.25, 0.25, 0.25, 0.25, 0.25, 0.25, 0.25, 0.25, 0.25, 0.25, 0.25, 0.25, 0.25, 0.25, 0.25, 0.25, 0.25, 0.25, 0.25, 0.25, 0.25, 0.25, 0.25]
        State 3: [0.25, 0.223, 0.235, 0.25, 0.25, 0.25, 0.25, 0.25, 0.25, 0.25, 0.25, 0.25, 0.25, 0.25, 0.25, 0.25, 0.25, 0.25, 0.25, 0.25, 0.25, 0.25, 0.25, 0.25, 0.25, 0.25]
        State 4: [0.25, 0.223, 0.235, 0.25, 0.25, 0.25, 0.25, 0.25, 0.25, 0.25, 0.25, 0.25, 0.25, 0.25, 0.25, 0.25, 0.25, 0.25, 0.25, 0.25, 0.25, 0.25, 0.25, 0.25, 0.25, 0.25]
      Total timesteps: 26
      =====================================

    Goal 3, State 3: 25 steps
t	A	B	C	wizard1	wizard2	wizard3	wizard4	
t = 0	0.333	0.333	0.333	0.250	0.250	0.250	0.250	
t = 1	0.117	0.442	0.442	0.277	0.277	0.223	0.223	
t = 2	0.061	0.469	0.469	0.265	0.265	0.235	0.235	
t = 3	0.001	0.500	0.500	0.250	0.250	0.250	0.250	
t = 4	0.000	0.500	0.500	0.250	0.250	0.250	0.250	
t = 5	0.000	0.018	0.982	0.250	0.250	0.250	0.250	
t = 6	0.000	0.000	1.000	0.250	0.250	0.250	0.250	
t = 7	0.000	0.000	1.000	0.250	0.250	0.250	0.250	
t = 8	0.000	0.000	1.000	0.250	0.250	0.250	0.250	
t = 9	0.000	0.000	1.000	0.250	0.250	0.250	0.250	
t = 10	0.000	0.000	1.000	0.250	0.250	0.250	0.250	
t = 11	0.000	0.000	1.000	0.250	0.250	0.250	0.250	
t = 12	0.000	0.000	1.000	0.250	0.250	0.250	0.250	
t = 13	0.000	0.000	1.000	0.250	0.250	0.250	0.250	
t = 14	0.000	0.000	1.000	0.250	0.250	0.250	0.250	
t = 15	0.000	0.000	1.000	0.250	0.250	0.250	0.250	
t = 16	0.000	0.000	1.000	0.250	0.250	0.250	0.250	
t = 17	0.000	0.000	1.000	0.250	0.250	0.250	0.250	
t = 18	0.000	0.000	1.000	0.250	0.250	0.250	0.250	
t = 19	0.000	0.000	1.000	0.250	0.250	0.250	0.250	
t = 20	0.000	0.000	1.000	0.250	0.250	0.250	0.250	
t = 21	0.000	0.000	1.000	0.250	0.250	0.250	0.250	
t = 22	0.000	0.000	1.000	0.250	0.250	0.250	0.250	
t = 23	0.000	0.000	1.000	0.250	0.250	0.250	0.250	
t = 24	0.000	0.000	1.000	0.250	0.250	0.250	0.250	
t = 25	0.000	0.000	1.000	0.250	0.250	0.250	0.250	

      === DEBUG: Probability Evolution ===
      Goal probabilities over time (columns = timesteps):
        Goal 1: [0.333, 0.117, 0.061, 0.001, 0.0, 0.0, 0.0, 0.0, 0.0, 0.0, 0.0, 0.0, 0.0, 0.0, 0.0, 0.0, 0.0, 0.0, 0.0, 0.0, 0.0, 0.0, 0.0, 0.0, 0.0, 0.0]
        Goal 2: [0.333, 0.442, 0.469, 0.5, 0.5, 0.018, 0.0, 0.0, 0.0, 0.0, 0.0, 0.0, 0.0, 0.0, 0.0, 0.0, 0.0, 0.0, 0.0, 0.0, 0.0, 0.0, 0.0, 0.0, 0.0, 0.0]
        Goal 3: [0.333, 0.442, 0.469, 0.5, 0.5, 0.982, 1.0, 1.0, 1.0, 1.0, 1.0, 1.0, 1.0, 1.0, 1.0, 1.0, 1.0, 1.0, 1.0, 1.0, 1.0, 1.0, 1.0, 1.0, 1.0, 1.0]

      State probabilities over time:
        State 1: [0.25, 0.277, 0.265, 0.25, 0.25, 0.25, 0.25, 0.25, 0.25, 0.25, 0.25, 0.25, 0.25, 0.25, 0.25, 0.25, 0.25, 0.25, 0.25, 0.25, 0.25, 0.25, 0.25, 0.25, 0.25, 0.25]
        State 2: [0.25, 0.277, 0.265, 0.25, 0.25, 0.25, 0.25, 0.25, 0.25, 0.25, 0.25, 0.25, 0.25, 0.25, 0.25, 0.25, 0.25, 0.25, 0.25, 0.25, 0.25, 0.25, 0.25, 0.25, 0.25, 0.25]
        State 3: [0.25, 0.223, 0.235, 0.25, 0.25, 0.25, 0.25, 0.25, 0.25, 0.25, 0.25, 0.25, 0.25, 0.25, 0.25, 0.25, 0.25, 0.25, 0.25, 0.25, 0.25, 0.25, 0.25, 0.25, 0.25, 0.25]
        State 4: [0.25, 0.223, 0.235, 0.25, 0.25, 0.25, 0.25, 0.25, 0.25, 0.25, 0.25, 0.25, 0.25, 0.25, 0.25, 0.25, 0.25, 0.25, 0.25, 0.25, 0.25, 0.25, 0.25, 0.25, 0.25, 0.25]
      Total timesteps: 26
      =====================================

    Goal 3, State 4: 25 steps
t	A	B	C	wizard1	wizard2	wizard3	wizard4	
t = 0	0.333	0.333	0.333	0.250	0.250	0.250	0.250	
t = 1	0.117	0.442	0.442	0.277	0.277	0.223	0.223	
t = 2	0.061	0.469	0.469	0.265	0.265	0.235	0.235	
t = 3	0.001	0.500	0.500	0.250	0.250	0.250	0.250	
t = 4	0.000	0.500	0.500	0.250	0.250	0.250	0.250	
t = 5	0.000	0.018	0.982	0.250	0.250	0.250	0.250	
t = 6	0.000	0.000	1.000	0.250	0.250	0.250	0.250	
t = 7	0.000	0.000	1.000	0.250	0.250	0.250	0.250	
t = 8	0.000	0.000	1.000	0.250	0.250	0.250	0.250	
t = 9	0.000	0.000	1.000	0.250	0.250	0.250	0.250	
t = 10	0.000	0.000	1.000	0.250	0.250	0.250	0.250	
t = 11	0.000	0.000	1.000	0.250	0.250	0.250	0.250	
t = 12	0.000	0.000	1.000	0.250	0.250	0.250	0.250	
t = 13	0.000	0.000	1.000	0.250	0.250	0.250	0.250	
t = 14	0.000	0.000	1.000	0.250	0.250	0.250	0.250	
t = 15	0.000	0.000	1.000	0.250	0.250	0.250	0.250	
t = 16	0.000	0.000	1.000	0.250	0.250	0.250	0.250	
t = 17	0.000	0.000	1.000	0.250	0.250	0.250	0.250	
t = 18	0.000	0.000	1.000	0.250	0.250	0.250	0.250	
t = 19	0.000	0.000	1.000	0.250	0.250	0.250	0.250	
t = 20	0.000	0.000	1.000	0.250	0.250	0.250	0.250	
t = 21	0.000	0.000	1.000	0.250	0.250	0.250	0.250	
t = 22	0.000	0.000	1.000	0.250	0.250	0.250	0.250	
t = 23	0.000	0.000	1.000	0.250	0.250	0.250	0.250	
t = 24	0.000	0.000	1.000	0.250	0.250	0.250	0.250	
t = 25	0.000	0.000	1.000	0.250	0.250	0.250	0.250	

      === DEBUG: Probability Evolution ===
      Goal probabilities over time (columns = timesteps):
        Goal 1: [0.333, 0.117, 0.061, 0.001, 0.0, 0.0, 0.0, 0.0, 0.0, 0.0, 0.0, 0.0, 0.0, 0.0, 0.0, 0.0, 0.0, 0.0, 0.0, 0.0, 0.0, 0.0, 0.0, 0.0, 0.0, 0.0]
        Goal 2: [0.333, 0.442, 0.469, 0.5, 0.5, 0.018, 0.0, 0.0, 0.0, 0.0, 0.0, 0.0, 0.0, 0.0, 0.0, 0.0, 0.0, 0.0, 0.0, 0.0, 0.0, 0.0, 0.0, 0.0, 0.0, 0.0]
        Goal 3: [0.333, 0.442, 0.469, 0.5, 0.5, 0.982, 1.0, 1.0, 1.0, 1.0, 1.0, 1.0, 1.0, 1.0, 1.0, 1.0, 1.0, 1.0, 1.0, 1.0, 1.0, 1.0, 1.0, 1.0, 1.0, 1.0]

      State probabilities over time:
        State 1: [0.25, 0.277, 0.265, 0.25, 0.25, 0.25, 0.25, 0.25, 0.25, 0.25, 0.25, 0.25, 0.25, 0.25, 0.25, 0.25, 0.25, 0.25, 0.25, 0.25, 0.25, 0.25, 0.25, 0.25, 0.25, 0.25]
        State 2: [0.25, 0.277, 0.265, 0.25, 0.25, 0.25, 0.25, 0.25, 0.25, 0.25, 0.25, 0.25, 0.25, 0.25, 0.25, 0.25, 0.25, 0.25, 0.25, 0.25, 0.25, 0.25, 0.25, 0.25, 0.25, 0.25]
        State 3: [0.25, 0.223, 0.235, 0.25, 0.25, 0.25, 0.25, 0.25, 0.25, 0.25, 0.25, 0.25, 0.25, 0.25, 0.25, 0.25, 0.25, 0.25, 0.25, 0.25, 0.25, 0.25, 0.25, 0.25, 0.25, 0.25]
        State 4: [0.25, 0.223, 0.235, 0.25, 0.25, 0.25, 0.25, 0.25, 0.25, 0.25, 0.25, 0.25, 0.25, 0.25, 0.25, 0.25, 0.25, 0.25, 0.25, 0.25, 0.25, 0.25, 0.25, 0.25, 0.25, 0.25]
      Total timesteps: 26
      =====================================


=== Inference Complete ===
Saved to: inference_data_exp3.jld2
Data structure: data[agent_name][map_id][scenario][goal_id][state_id]
